0 0.000 0.885 0.892 0.746 0.928 0.721 0.929 0.674 0.757 0.931 0.932 0.922 0.922 0.934 0.934 0.791 0.750 0.982 0.982 0.929 0.620 0.500 0.928 0.754 0.967 0.983
1 0.885 0.000 0.447 0.925 0.488 0.913 0.491 0.947 0.947 0.573 0.572 0.565 0.557 0.521 0.521 0.950 0.944 0.996 0.996 0.488 0.932 0.891 0.468 0.949 0.996 0.991
2 0.892 0.449 0.000 0.933 0.488 0.925 0.486 0.943 0.946 0.583 0.579 0.563 0.562 0.519 0.519 0.954 0.948 0.996 0.996 0.491 0.928 0.894 0.470 0.948 0.991 0.991
3 0.746 0.925 0.933 0.000 0.913 0.511 0.918 0.824 0.694 0.917 0.921 0.965 0.969 0.933 0.933 0.739 0.641 0.972 0.971 0.905 0.761 0.738 0.913 0.650 0.974 0.973
4 0.928 0.488 0.488 0.913 0.000 0.900 0.476 0.964 0.940 0.561 0.569 0.605 0.604 0.512 0.512 0.948 0.937 0.995 0.995 0.469 0.941 0.926 0.448 0.937 0.995 0.995
5 0.721 0.913 0.925 0.511 0.900 0.000 0.906 0.783 0.660 0.909 0.914 0.958 0.962 0.923 0.923 0.702 0.575 0.973 0.971 0.892 0.708 0.677 0.900 0.585 0.950 0.974
6 0.929 0.491 0.486 0.918 0.476 0.906 0.000 0.953 0.945 0.561 0.564 0.600 0.592 0.496 0.496 0.953 0.934 0.996 0.995 0.433 0.930 0.931 0.458 0.938 0.996 0.996
7 0.674 0.951 0.943 0.824 0.964 0.783 0.953 0.000 0.859 0.958 0.958 0.972 0.975 0.961 0.961 0.868 0.836 0.983 0.982 0.957 0.430 0.651 0.964 0.839 0.984 0.983
8 0.757 0.947 0.946 0.694 0.940 0.660 0.945 0.859 0.000 0.943 0.943 0.973 0.973 0.929 0.929 0.490 0.548 1.000 0.973 0.940 0.784 0.734 0.944 0.581 0.976 0.975
9 0.931 0.573 0.583 0.917 0.561 0.909 0.561 0.958 0.943 0.000 0.428 0.468 0.469 0.588 0.591 0.950 0.936 1.000 0.996 0.559 0.936 0.930 0.544 0.936 0.996 0.996
10 0.932 0.572 0.582 0.921 0.565 0.914 0.562 0.958 0.943 0.428 0.000 0.469 0.466 0.589 0.589 0.950 0.936 1.000 0.996 0.560 0.936 0.930 0.545 0.936 0.996 0.996
11 0.922 0.563 0.565 0.969 0.607 0.962 0.600 0.972 0.973 0.468 0.469 0.000 0.438 0.635 0.635 0.988 0.976 1.000 1.000 0.609 0.989 0.938 0.595 0.988 0.996 0.992
12 0.922 0.557 0.562 0.973 0.601 0.966 0.592 0.975 0.973 0.469 0.466 0.438 0.000 0.631 0.629 0.989 0.976 1.000 1.000 0.605 0.979 0.931 0.580 0.988 0.996 0.992
13 0.934 0.521 0.516 0.933 0.512 0.923 0.496 0.961 0.929 0.588 0.592 0.630 0.629 0.000 0.414 0.938 0.920 0.995 0.995 0.494 0.940 0.933 0.492 0.926 0.995 0.995
14 0.934 0.521 0.516 0.933 0.512 0.923 0.496 0.961 0.929 0.591 0.592 0.630 0.626 0.414 0.000 0.938 0.925 0.995 0.995 0.494 0.940 0.933 0.492 0.931 0.995 0.995
15 0.791 0.950 0.954 0.739 0.948 0.702 0.953 0.868 0.490 0.950 0.950 0.988 0.989 0.938 0.938 0.000 0.590 0.972 0.971 0.948 0.803 0.754 0.952 0.550 0.974 0.973
16 0.750 0.944 0.948 0.641 0.937 0.575 0.934 0.836 0.548 0.936 0.936 0.976 0.976 0.920 0.925 0.590 0.000 0.966 0.963 0.929 0.750 0.704 0.937 0.424 0.969 0.967
17 0.982 0.996 0.996 0.972 0.995 0.973 0.996 0.983 1.000 1.000 1.000 1.000 1.000 0.995 0.995 0.972 0.966 0.000 0.625 0.995 0.984 0.980 0.995 0.967 0.793 0.852
18 0.982 0.996 0.996 0.971 0.995 0.971 0.995 0.982 0.973 0.996 0.996 1.000 1.000 0.995 0.995 0.971 0.963 0.625 0.000 0.995 0.983 0.980 0.995 0.964 0.741 0.800
19 0.929 0.488 0.486 0.905 0.469 0.892 0.433 0.957 0.940 0.559 0.562 0.607 0.605 0.494 0.494 0.948 0.929 0.995 0.995 0.000 0.930 0.931 0.451 0.933 0.991 0.995
20 0.620 0.932 0.928 0.761 0.941 0.708 0.930 0.430 0.784 0.936 0.936 0.989 0.979 0.940 0.940 0.803 0.750 0.984 0.983 0.930 0.000 0.558 0.941 0.785 0.969 0.984
21 0.500 0.891 0.894 0.738 0.926 0.677 0.927 0.651 0.734 0.930 0.930 0.938 0.931 0.933 0.933 0.754 0.704 0.980 0.980 0.931 0.558 0.000 0.927 0.709 0.963 0.981
22 0.928 0.468 0.468 0.913 0.448 0.900 0.458 0.964 0.944 0.544 0.547 0.592 0.584 0.492 0.492 0.952 0.937 0.995 0.995 0.451 0.941 0.927 0.000 0.942 0.996 0.995
23 0.754 0.949 0.948 0.650 0.937 0.585 0.938 0.839 0.581 0.936 0.936 0.988 0.988 0.926 0.931 0.550 0.424 0.967 0.964 0.933 0.785 0.709 0.942 0.000 0.970 0.968
24 0.983 0.996 0.996 0.974 0.995 0.975 0.996 0.984 0.976 0.996 0.996 0.996 0.996 0.995 0.995 0.974 0.969 0.793 0.741 0.996 0.984 0.981 0.996 0.970 0.000 0.600
25 0.983 0.991 0.991 0.973 0.995 0.974 0.996 0.983 0.975 0.996 0.996 0.992 0.992 0.995 0.995 0.973 0.967 0.852 0.800 0.995 0.984 0.981 0.995 0.968 0.600 0.000
