0 0.000 0.021 0.019 0.020 0.016 0.019 0.013 0.024 0.023 0.010 0.245 0.245 0.253 0.316 0.251 0.247 0.328 0.251 0.262 0.245 0.351 0.350 0.357 0.371 0.365 0.361 0.345 0.420 0.344 0.466 0.207 0.196 0.145 0.255 0.190 0.151 0.664 0.144 0.131 0.148 0.716 0.744 0.692 0.738 0.752 0.682 0.742 0.746 0.689 0.687 0.262 0.267 0.273 0.276 0.271 0.250 0.271 0.260 0.325 0.258 0.948 0.951 0.948 0.952 0.952 0.950 0.948 0.955 0.951 0.948 1.000 1.000 1.000 1.000 1.000 1.000 1.000 1.000 1.000 1.000 0.435 0.456 0.513 0.422 0.375 0.364 0.371 0.346 0.434 0.424 0.986 0.986 0.986 0.986 0.986 0.986 0.986 0.986 0.986 0.986 0.908 0.887 0.891 0.906 0.892 0.907 0.894 0.895 0.898 0.892
1 0.021 0.000 0.024 0.016 0.019 0.026 0.022 0.032 0.026 0.021 0.253 0.252 0.260 0.341 0.257 0.253 0.335 0.231 0.268 0.251 0.356 0.354 0.362 0.375 0.367 0.363 0.350 0.426 0.347 0.470 0.213 0.206 0.152 0.264 0.196 0.158 0.677 0.152 0.138 0.157 0.710 0.744 0.685 0.737 0.728 0.675 0.736 0.740 0.688 0.676 0.275 0.287 0.290 0.298 0.291 0.268 0.290 0.275 0.347 0.275 0.947 0.953 0.946 0.954 0.954 0.944 0.946 0.947 0.953 0.947 1.000 1.000 1.000 1.000 1.000 1.000 1.000 1.000 1.000 1.000 0.443 0.463 0.521 0.427 0.383 0.371 0.375 0.354 0.442 0.430 0.986 0.986 0.986 0.986 0.986 0.985 0.986 0.985 0.986 0.986 0.902 0.894 0.892 0.909 0.893 0.899 0.891 0.892 0.905 0.889
2 0.019 0.024 0.000 0.022 0.017 0.087 0.016 0.092 0.087 0.016 0.256 0.255 0.263 0.271 0.261 0.257 0.269 0.330 0.340 0.255 0.430 0.360 0.441 0.455 0.448 0.440 0.354 0.364 0.424 0.472 0.147 0.188 0.250 0.256 0.175 0.192 0.737 0.143 0.181 0.156 0.719 0.744 0.686 0.737 0.728 0.676 0.736 0.740 0.689 0.677 0.341 0.345 0.353 0.353 0.284 0.260 0.285 0.336 0.279 0.269 0.957 0.952 0.957 0.957 0.957 0.952 0.957 0.957 0.952 0.957 1.000 1.000 1.000 1.000 1.000 1.000 1.000 1.000 1.000 1.000 0.374 0.401 0.523 0.436 0.455 0.440 0.450 0.425 0.426 0.360 0.986 0.986 0.986 0.986 0.986 0.986 0.986 0.986 0.986 0.986 0.907 0.896 0.906 0.911 0.898 0.908 0.900 0.903 0.906 0.900
3 0.020 0.016 0.022 0.000 0.019 0.025 0.019 0.030 0.024 0.016 0.253 0.252 0.260 0.322 0.257 0.252 0.334 0.257 0.268 0.250 0.354 0.353 0.360 0.373 0.368 0.362 0.349 0.424 0.345 0.470 0.212 0.207 0.146 0.257 0.196 0.156 0.674 0.152 0.139 0.158 0.708 0.742 0.685 0.736 0.727 0.674 0.735 0.738 0.687 0.676 0.281 0.288 0.293 0.297 0.290 0.270 0.291 0.279 0.344 0.277 0.948 0.951 0.948 0.951 0.952 0.945 0.948 0.948 0.951 0.948 1.000 1.000 1.000 1.000 1.000 1.000 1.000 1.000 1.000 1.000 0.438 0.458 0.514 0.424 0.378 0.366 0.374 0.351 0.436 0.426 0.986 0.986 0.986 0.986 0.986 0.986 0.986 0.986 0.986 0.986 0.901 0.887 0.890 0.905 0.891 0.902 0.894 0.894 0.898 0.891
4 0.016 0.019 0.017 0.019 0.000 0.080 0.014 0.088 0.085 0.015 0.259 0.254 0.263 0.274 0.259 0.256 0.265 0.328 0.338 0.254 0.428 0.356 0.437 0.451 0.446 0.436 0.353 0.360 0.420 0.470 0.143 0.184 0.246 0.251 0.174 0.190 0.737 0.138 0.171 0.152 0.721 0.745 0.688 0.738 0.733 0.681 0.742 0.747 0.694 0.688 0.337 0.344 0.350 0.354 0.282 0.258 0.283 0.333 0.276 0.267 0.950 0.953 0.949 0.958 0.950 0.953 0.950 0.950 0.953 0.950 1.000 1.000 1.000 1.000 1.000 1.000 1.000 1.000 1.000 1.000 0.381 0.400 0.522 0.433 0.454 0.444 0.447 0.422 0.432 0.364 0.986 0.986 0.986 0.986 0.986 0.986 0.986 0.986 0.986 0.986 0.895 0.897 0.906 0.911 0.890 0.896 0.900 0.896 0.907 0.898
5 0.019 0.026 0.087 0.025 0.080 0.000 0.016 0.009 0.006 0.014 0.264 0.259 0.268 0.327 0.264 0.261 0.340 0.265 0.252 0.259 0.364 0.363 0.372 0.385 0.358 0.371 0.357 0.435 0.355 0.479 0.213 0.209 0.154 0.201 0.200 0.136 0.646 0.210 0.135 0.217 0.715 0.743 0.691 0.737 0.736 0.684 0.744 0.745 0.692 0.686 0.275 0.279 0.262 0.266 0.282 0.262 0.263 0.250 0.342 0.272 0.948 0.951 0.948 0.952 0.952 0.950 0.948 0.948 0.951 0.948 1.000 1.000 1.000 1.000 1.000 1.000 1.000 1.000 1.000 1.000 0.458 0.471 0.509 0.437 0.391 0.383 0.363 0.361 0.449 0.441 0.986 0.986 0.986 0.986 0.986 0.986 0.986 0.986 0.986 0.986 0.901 0.887 0.891 0.906 0.892 0.903 0.894 0.895 0.898 0.892
6 0.013 0.022 0.016 0.019 0.014 0.016 0.000 0.020 0.020 0.009 0.250 0.250 0.258 0.318 0.255 0.251 0.326 0.255 0.265 0.249 0.352 0.351 0.359 0.371 0.365 0.362 0.347 0.422 0.345 0.468 0.205 0.196 0.143 0.253 0.192 0.148 0.665 0.142 0.127 0.145 0.715 0.745 0.692 0.738 0.738 0.686 0.746 0.747 0.692 0.688 0.264 0.272 0.278 0.281 0.275 0.252 0.277 0.261 0.332 0.259 0.955 0.953 0.955 0.958 0.955 0.950 0.955 0.955 0.953 0.955 1.000 1.000 1.000 1.000 1.000 1.000 1.000 1.000 1.000 1.000 0.438 0.461 0.516 0.426 0.379 0.367 0.375 0.351 0.436 0.429 0.986 0.986 0.986 0.986 0.986 0.986 0.986 0.986 0.986 0.986 0.904 0.894 0.896 0.913 0.894 0.901 0.897 0.900 0.904 0.898
7 0.024 0.032 0.092 0.030 0.088 0.009 0.020 0.000 0.011 0.019 0.267 0.262 0.271 0.331 0.267 0.264 0.337 0.268 0.256 0.261 0.373 0.365 0.378 0.391 0.365 0.381 0.364 0.440 0.362 0.485 0.217 0.212 0.158 0.264 0.205 0.140 0.649 0.216 0.142 0.220 0.726 0.745 0.693 0.739 0.738 0.687 0.747 0.748 0.694 0.688 0.281 0.286 0.273 0.275 0.288 0.268 0.270 0.256 0.350 0.275 0.947 0.950 0.947 0.950 0.951 0.947 0.947 0.947 0.947 0.947 1.000 1.000 1.000 1.000 1.000 1.000 1.000 1.000 1.000 1.000 0.459 0.479 0.517 0.440 0.398 0.386 0.370 0.371 0.453 0.447 0.986 0.986 0.986 0.986 0.986 0.986 0.986 0.986 0.986 0.986 0.900 0.894 0.903 0.912 0.895 0.894 0.895 0.898 0.904 0.900
8 0.023 0.026 0.087 0.024 0.085 0.006 0.020 0.011 0.000 0.019 0.263 0.262 0.272 0.330 0.268 0.262 0.341 0.267 0.256 0.260 0.366 0.363 0.375 0.388 0.359 0.374 0.359 0.437 0.357 0.480 0.210 0.203 0.151 0.261 0.194 0.135 0.650 0.212 0.143 0.216 0.712 0.746 0.688 0.739 0.748 0.681 0.741 0.742 0.695 0.687 0.277 0.282 0.266 0.270 0.285 0.265 0.266 0.252 0.339 0.273 0.949 0.952 0.956 0.952 0.953 0.951 0.956 0.956 0.952 0.949 1.000 1.000 1.000 1.000 1.000 1.000 1.000 1.000 1.000 1.000 0.450 0.472 0.506 0.439 0.394 0.379 0.365 0.363 0.447 0.438 0.986 0.986 0.986 0.986 0.986 0.986 0.986 0.986 0.986 0.986 0.909 0.889 0.901 0.906 0.893 0.907 0.895 0.896 0.899 0.893
9 0.010 0.021 0.016 0.016 0.015 0.014 0.009 0.019 0.019 0.000 0.254 0.248 0.257 0.320 0.253 0.250 0.333 0.255 0.263 0.248 0.355 0.354 0.363 0.376 0.369 0.362 0.349 0.425 0.346 0.469 0.203 0.201 0.144 0.250 0.186 0.149 0.664 0.148 0.128 0.146 0.716 0.745 0.692 0.738 0.747 0.682 0.742 0.747 0.690 0.692 0.266 0.274 0.280 0.282 0.276 0.254 0.280 0.263 0.337 0.261 0.949 0.951 0.948 0.952 0.952 0.950 0.949 0.949 0.952 0.949 1.000 1.000 1.000 1.000 1.000 1.000 1.000 1.000 1.000 1.000 0.442 0.464 0.519 0.427 0.381 0.371 0.374 0.350 0.440 0.425 0.986 0.986 0.986 0.986 0.986 0.986 0.986 0.986 0.986 0.986 0.909 0.894 0.901 0.912 0.893 0.903 0.895 0.896 0.904 0.892
10 0.245 0.253 0.256 0.253 0.259 0.264 0.250 0.267 0.263 0.254 0.000 0.012 0.022 0.118 0.013 0.005 0.099 0.009 0.034 0.004 0.218 0.226 0.240 0.245 0.243 0.234 0.218 0.313 0.222 0.360 0.412 0.401 0.342 0.462 0.399 0.356 0.658 0.342 0.334 0.359 0.892 0.877 0.885 0.879 0.875 0.873 0.874 0.879 0.876 0.874 0.333 0.326 0.343 0.352 0.336 0.321 0.347 0.330 0.412 0.321 0.932 0.932 0.932 0.945 0.941 0.932 0.932 0.932 0.932 0.933 1.000 1.000 1.000 1.000 1.000 1.000 1.000 1.000 1.000 1.000 0.285 0.308 0.337 0.244 0.186 0.201 0.181 0.161 0.281 0.257 1.000 1.000 1.000 1.000 1.000 1.000 1.000 1.000 1.000 1.000 0.916 0.908 0.916 0.921 0.917 0.916 0.909 0.917 0.916 0.914
11 0.245 0.252 0.255 0.252 0.254 0.259 0.250 0.262 0.262 0.248 0.012 0.000 0.052 0.122 0.015 0.012 0.120 0.013 0.019 0.011 0.217 0.216 0.239 0.240 0.243 0.226 0.211 0.297 0.210 0.353 0.431 0.422 0.359 0.448 0.410 0.368 0.702 0.363 0.347 0.367 0.892 0.877 0.884 0.878 0.874 0.873 0.874 0.878 0.875 0.874 0.326 0.319 0.338 0.344 0.329 0.314 0.340 0.323 0.404 0.315 0.958 0.957 0.963 0.963 0.958 0.957 0.958 0.963 0.957 0.958 1.000 1.000 1.000 1.000 1.000 1.000 1.000 1.000 1.000 1.000 0.289 0.311 0.344 0.248 0.189 0.205 0.182 0.162 0.272 0.258 1.000 1.000 1.000 1.000 1.000 1.000 1.000 1.000 1.000 1.000 0.915 0.907 0.915 0.921 0.917 0.915 0.909 0.917 0.916 0.913
12 0.253 0.260 0.263 0.260 0.263 0.268 0.258 0.271 0.272 0.257 0.022 0.052 0.000 0.127 0.020 0.025 0.098 0.019 0.046 0.013 0.228 0.227 0.252 0.246 0.251 0.243 0.222 0.310 0.221 0.362 0.432 0.426 0.360 0.457 0.398 0.343 0.700 0.366 0.334 0.344 0.891 0.877 0.883 0.878 0.874 0.873 0.874 0.878 0.875 0.873 0.336 0.328 0.345 0.355 0.332 0.323 0.348 0.332 0.409 0.325 0.958 0.958 0.963 0.964 0.959 0.958 0.963 0.963 0.958 0.958 1.000 1.000 1.000 1.000 1.000 1.000 1.000 1.000 1.000 1.000 0.254 0.286 0.369 0.256 0.202 0.174 0.205 0.182 0.252 0.233 1.000 1.000 1.000 0.998 1.000 1.000 1.000 1.000 1.000 1.000 0.914 0.907 0.914 0.920 0.916 0.915 0.908 0.916 0.915 0.920
13 0.316 0.341 0.271 0.322 0.274 0.327 0.318 0.331 0.330 0.320 0.118 0.122 0.127 0.000 0.122 0.121 0.071 0.116 0.142 0.114 0.297 0.294 0.316 0.317 0.319 0.306 0.291 0.236 0.288 0.350 0.383 0.370 0.431 0.450 0.368 0.436 0.821 0.380 0.412 0.384 0.930 0.916 0.923 0.917 0.917 0.916 0.917 0.917 0.918 0.916 0.403 0.395 0.414 0.421 0.404 0.389 0.415 0.398 0.340 0.389 0.958 0.944 0.957 0.958 0.958 0.932 0.958 0.958 0.932 0.958 1.000 1.000 1.000 1.000 1.000 1.000 1.000 1.000 1.000 1.000 0.223 0.256 0.359 0.264 0.283 0.272 0.285 0.257 0.281 0.201 1.000 1.000 1.000 1.000 1.000 1.000 1.000 1.000 1.000 1.000 0.915 0.908 0.915 0.921 0.917 0.915 0.909 0.917 0.916 0.913
14 0.251 0.257 0.261 0.257 0.259 0.264 0.255 0.267 0.268 0.253 0.013 0.015 0.020 0.122 0.000 0.008 0.096 0.008 0.032 0.007 0.224 0.230 0.252 0.244 0.252 0.238 0.225 0.310 0.222 0.363 0.414 0.412 0.347 0.460 0.409 0.352 0.656 0.349 0.334 0.356 0.891 0.873 0.880 0.875 0.871 0.869 0.870 0.874 0.872 0.870 0.337 0.330 0.351 0.357 0.335 0.327 0.351 0.335 0.419 0.329 0.958 0.958 0.958 0.958 0.959 0.957 0.958 0.958 0.958 0.958 1.000 1.000 1.000 1.000 1.000 1.000 1.000 1.000 1.000 1.000 0.286 0.313 0.345 0.249 0.190 0.204 0.184 0.166 0.287 0.259 1.000 1.000 1.000 1.000 1.000 1.000 1.000 1.000 1.000 1.000 0.915 0.907 0.915 0.921 0.912 0.915 0.904 0.916 0.911 0.913
15 0.247 0.253 0.257 0.252 0.256 0.261 0.251 0.264 0.262 0.250 0.005 0.012 0.025 0.121 0.008 0.000 0.098 0.003 0.029 0.002 0.216 0.217 0.238 0.235 0.241 0.228 0.214 0.297 0.211 0.354 0.405 0.418 0.338 0.448 0.393 0.343 0.657 0.336 0.321 0.342 0.892 0.877 0.885 0.878 0.875 0.873 0.874 0.879 0.876 0.874 0.328 0.322 0.340 0.348 0.330 0.316 0.341 0.324 0.402 0.316 0.958 0.957 0.957 0.958 0.958 0.944 0.958 0.958 0.957 0.958 1.000 1.000 1.000 1.000 1.000 1.000 1.000 1.000 1.000 1.000 0.280 0.298 0.335 0.236 0.178 0.197 0.171 0.156 0.278 0.247 1.000 1.000 1.000 1.000 1.000 1.000 1.000 1.000 1.000 1.000 0.915 0.908 0.915 0.921 0.917 0.915 0.909 0.917 0.916 0.913
16 0.328 0.335 0.269 0.334 0.265 0.340 0.326 0.337 0.341 0.333 0.099 0.120 0.098 0.071 0.096 0.098 0.000 0.092 0.108 0.096 0.315 0.307 0.334 0.332 0.335 0.323 0.303 0.235 0.304 0.366 0.339 0.332 0.403 0.466 0.338 0.406 0.776 0.340 0.399 0.340 0.892 0.877 0.884 0.878 0.878 0.877 0.878 0.878 0.879 0.878 0.418 0.407 0.426 0.430 0.415 0.401 0.425 0.413 0.334 0.402 0.958 0.944 0.957 0.958 0.958 0.931 0.958 0.958 0.932 0.958 1.000 1.000 1.000 1.000 1.000 1.000 1.000 1.000 1.000 1.000 0.176 0.218 0.364 0.255 0.297 0.244 0.289 0.260 0.224 0.169 1.000 1.000 1.000 1.000 1.000 1.000 1.000 1.000 1.000 1.000 0.915 0.907 0.915 0.921 0.917 0.915 0.908 0.916 0.916 0.920
17 0.251 0.231 0.330 0.257 0.328 0.265 0.255 0.268 0.267 0.255 0.009 0.013 0.019 0.116 0.008 0.003 0.092 0.000 0.029 0.002 0.219 0.218 0.239 0.238 0.239 0.228 0.216 0.299 0.214 0.349 0.413 0.400 0.343 0.460 0.403 0.350 0.664 0.410 0.335 0.421 0.899 0.884 0.891 0.885 0.881 0.880 0.881 0.885 0.882 0.881 0.336 0.326 0.345 0.352 0.336 0.321 0.348 0.332 0.408 0.323 0.940 0.940 0.940 0.953 0.949 0.940 0.940 0.940 0.940 0.940 1.000 1.000 1.000 1.000 1.000 1.000 1.000 1.000 1.000 1.000 0.279 0.298 0.342 0.236 0.184 0.202 0.177 0.159 0.276 0.250 1.000 1.000 1.000 1.000 1.000 1.000 1.000 1.000 1.000 1.000 0.923 0.916 0.923 0.929 0.925 0.923 0.917 0.925 0.924 0.921
18 0.262 0.268 0.340 0.268 0.338 0.252 0.265 0.256 0.256 0.263 0.034 0.019 0.046 0.142 0.032 0.029 0.108 0.029 0.000 0.028 0.238 0.235 0.261 0.260 0.241 0.247 0.233 0.319 0.231 0.375 0.416 0.417 0.346 0.465 0.411 0.335 0.646 0.416 0.340 0.421 0.891 0.883 0.884 0.884 0.881 0.879 0.880 0.884 0.880 0.880 0.348 0.338 0.334 0.341 0.345 0.335 0.331 0.320 0.418 0.335 0.966 0.965 0.965 0.966 0.966 0.952 0.966 0.966 0.965 0.966 1.000 1.000 1.000 1.000 1.000 1.000 1.000 1.000 1.000 1.000 0.300 0.324 0.341 0.256 0.210 0.220 0.178 0.183 0.282 0.270 1.000 1.000 1.000 1.000 1.000 1.000 1.000 1.000 1.000 1.000 0.915 0.915 0.915 0.922 0.917 0.916 0.908 0.916 0.916 0.922
19 0.245 0.251 0.255 0.250 0.254 0.259 0.249 0.261 0.260 0.248 0.004 0.011 0.013 0.114 0.007 0.002 0.096 0.002 0.028 0.000 0.217 0.215 0.236 0.236 0.239 0.226 0.211 0.294 0.209 0.351 0.403 0.419 0.361 0.446 0.383 0.340 0.658 0.359 0.319 0.343 0.892 0.877 0.885 0.878 0.875 0.873 0.874 0.878 0.876 0.874 0.326 0.319 0.338 0.345 0.327 0.314 0.339 0.322 0.403 0.313 0.958 0.940 0.958 0.958 0.958 0.932 0.958 0.958 0.932 0.958 1.000 1.000 1.000 1.000 1.000 1.000 1.000 1.000 1.000 1.000 0.270 0.296 0.325 0.227 0.179 0.188 0.172 0.146 0.268 0.248 1.000 1.000 1.000 1.000 1.000 1.000 1.000 1.000 1.000 1.000 0.916 0.908 0.915 0.921 0.917 0.916 0.909 0.917 0.916 0.914
20 0.351 0.356 0.430 0.354 0.428 0.364 0.352 0.373 0.366 0.355 0.218 0.217 0.228 0.297 0.224 0.216 0.315 0.219 0.238 0.217 0.000 0.023 0.026 0.032 0.037 0.029 0.015 0.103 0.012 0.151 0.323 0.318 0.254 0.277 0.309 0.265 0.677 0.329 0.239 0.328 0.914 0.907 0.913 0.908 0.908 0.913 0.908 0.908 0.908 0.908 0.163 0.162 0.175 0.187 0.169 0.151 0.178 0.164 0.244 0.157 0.889 0.889 0.889 0.898 0.898 0.888 0.898 0.890 0.889 0.890 1.000 1.000 1.000 1.000 1.000 1.000 1.000 1.000 1.000 1.000 0.175 0.197 0.235 0.164 0.083 0.102 0.098 0.076 0.168 0.151 1.000 1.000 1.000 1.000 1.000 1.000 1.000 1.000 1.000 1.000 0.886 0.879 0.886 0.894 0.888 0.888 0.888 0.888 0.887 0.879
21 0.350 0.354 0.360 0.353 0.356 0.363 0.351 0.365 0.363 0.354 0.226 0.216 0.227 0.294 0.230 0.217 0.307 0.218 0.235 0.215 0.023 0.000 0.022 0.032 0.034 0.021 0.017 0.095 0.015 0.153 0.324 0.312 0.252 0.340 0.306 0.258 0.681 0.251 0.236 0.259 0.915 0.908 0.914 0.909 0.909 0.914 0.909 0.909 0.909 0.909 0.166 0.165 0.171 0.178 0.158 0.151 0.172 0.164 0.241 0.155 0.891 0.890 0.890 0.899 0.899 0.890 0.899 0.891 0.890 0.891 1.000 1.000 1.000 1.000 1.000 1.000 1.000 1.000 1.000 1.000 0.167 0.195 0.232 0.160 0.086 0.088 0.099 0.071 0.160 0.153 1.000 1.000 1.000 1.000 1.000 1.000 1.000 1.000 1.000 1.000 0.887 0.881 0.887 0.895 0.889 0.889 0.889 0.889 0.888 0.881
22 0.357 0.362 0.441 0.360 0.437 0.372 0.359 0.378 0.375 0.363 0.240 0.239 0.252 0.316 0.252 0.238 0.334 0.239 0.261 0.236 0.026 0.022 0.000 0.038 0.032 0.027 0.009 0.088 0.009 0.153 0.328 0.314 0.251 0.337 0.303 0.262 0.681 0.323 0.233 0.325 0.916 0.908 0.915 0.909 0.909 0.914 0.908 0.909 0.910 0.908 0.163 0.162 0.172 0.184 0.163 0.147 0.174 0.160 0.241 0.152 0.889 0.889 0.889 0.897 0.898 0.888 0.898 0.890 0.889 0.890 1.000 1.000 1.000 1.000 1.000 1.000 1.000 1.000 1.000 1.000 0.187 0.215 0.240 0.161 0.090 0.102 0.107 0.082 0.178 0.168 1.000 1.000 1.000 1.000 1.000 1.000 1.000 1.000 1.000 1.000 0.888 0.880 0.888 0.894 0.890 0.888 0.890 0.890 0.889 0.880
23 0.371 0.375 0.455 0.373 0.451 0.385 0.371 0.391 0.388 0.376 0.245 0.240 0.246 0.317 0.244 0.235 0.332 0.238 0.260 0.236 0.032 0.032 0.038 0.000 0.038 0.033 0.029 0.109 0.033 0.166 0.346 0.336 0.273 0.364 0.327 0.282 0.668 0.344 0.254 0.347 0.912 0.905 0.911 0.906 0.906 0.911 0.905 0.906 0.906 0.905 0.176 0.173 0.178 0.188 0.179 0.172 0.186 0.186 0.264 0.175 0.886 0.885 0.885 0.894 0.895 0.885 0.894 0.886 0.886 0.886 1.000 1.000 1.000 1.000 1.000 1.000 1.000 1.000 1.000 1.000 0.182 0.215 0.255 0.181 0.091 0.111 0.108 0.093 0.176 0.166 1.000 1.000 1.000 1.000 1.000 1.000 1.000 1.000 1.000 1.000 0.884 0.877 0.884 0.892 0.886 0.885 0.885 0.886 0.885 0.877
24 0.365 0.367 0.448 0.368 0.446 0.358 0.365 0.365 0.359 0.369 0.243 0.243 0.251 0.319 0.252 0.241 0.335 0.239 0.241 0.239 0.037 0.034 0.032 0.038 0.000 0.034 0.028 0.111 0.032 0.155 0.344 0.333 0.267 0.358 0.322 0.258 0.656 0.341 0.252 0.344 0.914 0.906 0.914 0.907 0.907 0.912 0.907 0.907 0.908 0.906 0.170 0.170 0.159 0.169 0.172 0.169 0.164 0.154 0.262 0.171 0.888 0.888 0.888 0.896 0.897 0.887 0.896 0.888 0.888 0.889 1.000 1.000 1.000 1.000 1.000 1.000 1.000 1.000 1.000 1.000 0.190 0.207 0.225 0.181 0.098 0.112 0.082 0.091 0.177 0.166 1.000 1.000 1.000 1.000 1.000 1.000 1.000 1.000 1.000 1.000 0.886 0.878 0.886 0.892 0.888 0.886 0.888 0.888 0.887 0.878
25 0.361 0.363 0.440 0.362 0.436 0.371 0.362 0.381 0.374 0.362 0.234 0.226 0.243 0.306 0.238 0.228 0.323 0.228 0.247 0.226 0.029 0.021 0.027 0.033 0.034 0.000 0.017 0.103 0.017 0.155 0.337 0.324 0.260 0.348 0.313 0.268 0.673 0.330 0.245 0.334 0.914 0.905 0.913 0.906 0.906 0.911 0.906 0.906 0.907 0.905 0.162 0.165 0.168 0.176 0.168 0.158 0.178 0.167 0.248 0.157 0.887 0.886 0.886 0.895 0.895 0.886 0.895 0.887 0.886 0.887 1.000 1.000 1.000 1.000 1.000 1.000 1.000 1.000 1.000 1.000 0.178 0.213 0.240 0.175 0.092 0.100 0.092 0.079 0.173 0.162 1.000 1.000 1.000 1.000 1.000 1.000 1.000 1.000 1.000 1.000 0.885 0.877 0.885 0.891 0.887 0.885 0.887 0.887 0.886 0.876
26 0.345 0.350 0.354 0.349 0.353 0.357 0.347 0.364 0.359 0.349 0.218 0.211 0.222 0.291 0.225 0.214 0.303 0.216 0.233 0.211 0.015 0.017 0.009 0.029 0.028 0.017 0.000 0.089 0.005 0.146 0.323 0.306 0.246 0.334 0.300 0.255 0.682 0.248 0.230 0.250 0.916 0.907 0.915 0.908 0.908 0.914 0.908 0.909 0.910 0.908 0.155 0.153 0.162 0.172 0.158 0.143 0.170 0.155 0.233 0.147 0.890 0.890 0.890 0.898 0.899 0.889 0.898 0.890 0.890 0.891 1.000 1.000 1.000 1.000 1.000 1.000 1.000 1.000 1.000 1.000 0.158 0.197 0.230 0.160 0.080 0.088 0.088 0.065 0.164 0.149 1.000 1.000 1.000 1.000 1.000 1.000 1.000 1.000 1.000 1.000 0.888 0.880 0.888 0.894 0.890 0.888 0.890 0.890 0.889 0.880
27 0.420 0.426 0.364 0.424 0.360 0.435 0.422 0.440 0.437 0.425 0.313 0.297 0.310 0.236 0.310 0.297 0.235 0.299 0.319 0.294 0.103 0.095 0.088 0.109 0.111 0.103 0.089 0.000 0.090 0.155 0.255 0.242 0.314 0.336 0.237 0.324 0.805 0.250 0.299 0.252 0.915 0.907 0.914 0.908 0.908 0.913 0.908 0.908 0.909 0.907 0.238 0.234 0.242 0.251 0.241 0.222 0.248 0.235 0.164 0.226 0.889 0.889 0.889 0.897 0.898 0.888 0.898 0.890 0.889 0.890 1.000 1.000 1.000 1.000 1.000 1.000 1.000 1.000 1.000 1.000 0.087 0.124 0.240 0.160 0.156 0.164 0.170 0.143 0.152 0.077 1.000 1.000 1.000 1.000 1.000 1.000 1.000 1.000 1.000 1.000 0.888 0.880 0.887 0.894 0.890 0.888 0.889 0.889 0.889 0.879
28 0.344 0.347 0.424 0.345 0.420 0.355 0.345 0.362 0.357 0.346 0.222 0.210 0.221 0.288 0.222 0.211 0.304 0.214 0.231 0.209 0.012 0.015 0.009 0.033 0.032 0.017 0.005 0.090 0.000 0.149 0.326 0.308 0.251 0.270 0.300 0.257 0.680 0.318 0.231 0.323 0.915 0.907 0.914 0.908 0.908 0.913 0.907 0.908 0.909 0.907 0.154 0.157 0.165 0.175 0.161 0.145 0.170 0.153 0.236 0.149 0.889 0.889 0.889 0.897 0.898 0.888 0.897 0.889 0.889 0.890 1.000 1.000 1.000 1.000 1.000 1.000 1.000 1.000 1.000 1.000 0.166 0.197 0.226 0.160 0.077 0.090 0.090 0.067 0.165 0.149 1.000 1.000 1.000 1.000 1.000 1.000 1.000 1.000 1.000 1.000 0.887 0.879 0.887 0.893 0.889 0.887 0.889 0.889 0.888 0.879
29 0.466 0.470 0.472 0.470 0.470 0.479 0.468 0.485 0.480 0.469 0.360 0.353 0.362 0.350 0.363 0.354 0.366 0.349 0.375 0.351 0.151 0.153 0.153 0.166 0.155 0.155 0.146 0.155 0.149 0.000 0.371 0.363 0.372 0.315 0.357 0.381 0.887 0.369 0.354 0.371 0.914 0.906 0.913 0.907 0.907 0.912 0.906 0.907 0.908 0.906 0.285 0.282 0.297 0.308 0.287 0.279 0.302 0.290 0.291 0.286 0.887 0.887 0.887 0.896 0.896 0.886 0.896 0.888 0.887 0.888 1.000 1.000 1.000 1.000 1.000 1.000 1.000 1.000 1.000 1.000 0.225 0.245 0.168 0.182 0.215 0.221 0.225 0.204 0.214 0.204 1.000 1.000 1.000 1.000 1.000 1.000 1.000 1.000 1.000 1.000 0.886 0.877 0.885 0.892 0.888 0.886 0.887 0.887 0.887 0.877
30 0.207 0.213 0.147 0.212 0.143 0.213 0.205 0.217 0.210 0.203 0.412 0.431 0.432 0.383 0.414 0.405 0.339 0.413 0.416 0.403 0.323 0.324 0.328 0.346 0.344 0.337 0.323 0.255 0.326 0.371 0.000 0.062 0.111 0.134 0.064 0.121 0.838 0.006 0.124 0.014 0.717 0.752 0.688 0.746 0.737 0.691 0.745 0.748 0.698 0.687 0.224 0.220 0.229 0.230 0.229 0.207 0.228 0.220 0.138 0.211 0.926 0.929 0.926 0.935 0.936 0.928 0.926 0.926 0.929 0.926 1.000 1.000 1.000 1.000 1.000 1.000 1.000 1.000 1.000 1.000 0.254 0.287 0.399 0.311 0.351 0.324 0.349 0.327 0.309 0.259 0.986 0.986 0.986 0.986 0.986 0.986 0.986 0.986 0.987 0.986 0.898 0.886 0.892 0.898 0.894 0.894 0.892 0.896 0.890 0.886
31 0.196 0.206 0.188 0.207 0.184 0.209 0.196 0.212 0.203 0.201 0.401 0.422 0.426 0.370 0.412 0.418 0.332 0.400 0.417 0.419 0.318 0.312 0.314 0.336 0.333 0.324 0.306 0.242 0.308 0.363 0.062 0.000 0.079 0.128 0.021 0.084 0.764 0.059 0.073 0.061 0.717 0.749 0.699 0.743 0.742 0.698 0.750 0.752 0.700 0.694 0.209 0.209 0.214 0.216 0.218 0.193 0.218 0.207 0.182 0.198 0.920 0.923 0.920 0.930 0.930 0.922 0.920 0.921 0.923 0.921 1.000 1.000 1.000 1.000 1.000 1.000 1.000 1.000 1.000 1.000 0.302 0.284 0.394 0.319 0.339 0.375 0.336 0.312 0.358 0.305 0.986 0.987 0.987 0.986 0.986 0.986 0.987 0.986 0.987 0.986 0.890 0.881 0.884 0.888 0.885 0.884 0.884 0.888 0.881 0.880
32 0.145 0.152 0.250 0.146 0.246 0.154 0.143 0.158 0.151 0.144 0.342 0.359 0.360 0.431 0.347 0.338 0.403 0.343 0.346 0.361 0.254 0.252 0.251 0.273 0.267 0.260 0.246 0.314 0.251 0.372 0.111 0.079 0.000 0.136 0.077 0.020 0.672 0.113 0.022 0.117 0.717 0.752 0.689 0.746 0.737 0.692 0.745 0.748 0.698 0.688 0.151 0.154 0.158 0.160 0.163 0.135 0.162 0.149 0.244 0.136 0.929 0.931 0.929 0.932 0.929 0.930 0.929 0.929 0.932 0.929 1.000 1.000 1.000 1.000 1.000 1.000 1.000 1.000 1.000 1.000 0.354 0.352 0.395 0.309 0.275 0.297 0.276 0.251 0.363 0.364 0.986 0.986 0.986 0.986 0.986 0.986 0.986 0.986 0.987 0.986 0.898 0.891 0.895 0.903 0.894 0.894 0.895 0.899 0.895 0.889
33 0.255 0.264 0.256 0.257 0.251 0.201 0.253 0.264 0.261 0.250 0.462 0.448 0.457 0.450 0.460 0.448 0.466 0.460 0.465 0.446 0.277 0.340 0.337 0.364 0.358 0.348 0.334 0.336 0.270 0.315 0.134 0.128 0.136 0.000 0.118 0.141 0.872 0.128 0.119 0.136 0.749 0.783 0.731 0.776 0.772 0.726 0.781 0.785 0.729 0.723 0.235 0.178 0.177 0.251 0.244 0.218 0.246 0.231 0.228 0.222 0.918 0.920 0.917 0.927 0.927 0.919 0.918 0.918 0.920 0.918 1.000 1.000 1.000 1.000 1.000 1.000 1.000 1.000 1.000 1.000 0.349 0.378 0.336 0.294 0.363 0.357 0.361 0.339 0.361 0.346 0.986 0.986 0.986 0.986 0.986 0.986 0.986 0.986 0.986 0.986 0.886 0.877 0.880 0.884 0.881 0.880 0.879 0.884 0.877 0.876
34 0.190 0.196 0.175 0.196 0.174 0.200 0.192 0.205 0.194 0.186 0.399 0.410 0.398 0.368 0.409 0.393 0.338 0.403 0.411 0.383 0.309 0.306 0.303 0.327 0.322 0.313 0.300 0.237 0.300 0.357 0.064 0.021 0.077 0.118 0.000 0.085 0.763 0.060 0.065 0.068 0.709 0.748 0.692 0.741 0.732 0.687 0.740 0.744 0.695 0.692 0.200 0.201 0.207 0.209 0.210 0.187 0.214 0.198 0.179 0.190 0.920 0.922 0.920 0.929 0.923 0.921 0.920 0.920 0.923 0.920 1.000 1.000 1.000 1.000 1.000 1.000 1.000 1.000 1.000 1.000 0.299 0.280 0.379 0.326 0.327 0.372 0.326 0.305 0.361 0.295 0.986 0.986 0.987 0.986 0.986 0.986 0.987 0.986 0.987 0.986 0.889 0.880 0.883 0.887 0.885 0.883 0.883 0.887 0.880 0.879
35 0.151 0.158 0.192 0.156 0.190 0.136 0.148 0.140 0.135 0.149 0.356 0.368 0.343 0.436 0.352 0.343 0.406 0.350 0.335 0.340 0.265 0.258 0.262 0.282 0.258 0.268 0.255 0.324 0.257 0.381 0.121 0.084 0.020 0.141 0.085 0.000 0.649 0.060 0.028 0.069 0.710 0.748 0.692 0.741 0.732 0.687 0.740 0.744 0.695 0.683 0.159 0.162 0.147 0.149 0.167 0.144 0.148 0.135 0.255 0.148 0.922 0.925 0.922 0.932 0.929 0.924 0.922 0.922 0.925 0.923 1.000 1.000 1.000 1.000 1.000 1.000 1.000 1.000 1.000 1.000 0.371 0.357 0.384 0.322 0.286 0.310 0.262 0.260 0.377 0.379 0.986 0.986 0.987 0.986 0.986 0.986 0.987 0.986 0.987 0.986 0.888 0.885 0.886 0.892 0.884 0.883 0.886 0.890 0.885 0.882
36 0.664 0.677 0.737 0.674 0.737 0.646 0.665 0.649 0.650 0.664 0.658 0.702 0.700 0.821 0.656 0.657 0.776 0.664 0.646 0.658 0.677 0.681 0.681 0.668 0.656 0.673 0.682 0.805 0.680 0.887 0.838 0.764 0.672 0.872 0.763 0.649 0.000 0.740 0.665 0.743 0.671 0.676 0.680 0.684 0.684 0.689 0.681 0.684 0.697 0.668 0.656 0.661 0.653 0.644 0.656 0.663 0.646 0.644 0.865 0.666 0.764 0.761 0.761 0.761 0.764 0.758 0.764 0.765 0.762 0.767 1.000 1.000 1.000 1.000 1.000 1.000 1.000 1.000 1.000 1.000 0.911 0.834 0.896 0.823 0.698 0.791 0.677 0.700 0.905 0.903 1.000 1.000 1.000 1.000 1.000 1.000 1.000 1.000 1.000 1.000 0.661 0.641 0.676 0.652 0.647 0.642 0.670 0.672 0.643 0.638
37 0.144 0.152 0.143 0.152 0.138 0.210 0.142 0.216 0.212 0.148 0.342 0.363 0.366 0.380 0.349 0.336 0.340 0.410 0.416 0.359 0.329 0.251 0.323 0.344 0.341 0.330 0.248 0.250 0.318 0.369 0.006 0.059 0.113 0.128 0.060 0.060 0.740 0.000 0.062 0.017 0.721 0.752 0.693 0.745 0.741 0.696 0.750 0.755 0.697 0.702 0.221 0.221 0.223 0.224 0.161 0.141 0.161 0.217 0.134 0.144 0.926 0.929 0.926 0.929 0.930 0.928 0.926 0.926 0.929 0.926 1.000 1.000 1.000 1.000 1.000 1.000 1.000 1.000 1.000 1.000 0.252 0.287 0.397 0.313 0.349 0.324 0.345 0.323 0.311 0.257 0.986 0.986 0.986 0.986 0.986 0.986 0.987 0.986 0.987 0.986 0.898 0.886 0.892 0.898 0.894 0.894 0.892 0.897 0.890 0.886
38 0.131 0.138 0.181 0.139 0.171 0.135 0.127 0.142 0.143 0.128 0.334 0.347 0.334 0.412 0.334 0.321 0.399 0.335 0.340 0.319 0.239 0.236 0.233 0.254 0.252 0.245 0.230 0.299 0.231 0.354 0.124 0.073 0.022 0.119 0.065 0.028 0.665 0.062 0.000 0.064 0.715 0.748 0.698 0.742 0.741 0.696 0.749 0.750 0.698 0.693 0.135 0.136 0.141 0.146 0.144 0.120 0.147 0.132 0.238 0.124 0.920 0.923 0.920 0.929 0.923 0.921 0.920 0.920 0.923 0.920 1.000 1.000 1.000 1.000 1.000 1.000 1.000 1.000 1.000 1.000 0.363 0.344 0.382 0.323 0.261 0.304 0.261 0.240 0.373 0.358 0.986 0.986 0.987 0.986 0.986 0.986 0.987 0.986 0.987 0.986 0.889 0.880 0.883 0.887 0.885 0.884 0.883 0.887 0.880 0.880
39 0.148 0.157 0.156 0.158 0.152 0.217 0.145 0.220 0.216 0.146 0.359 0.367 0.344 0.384 0.356 0.342 0.340 0.421 0.421 0.343 0.328 0.259 0.325 0.347 0.344 0.334 0.250 0.252 0.323 0.371 0.014 0.061 0.117 0.136 0.068 0.069 0.743 0.017 0.064 0.000 0.722 0.753 0.694 0.746 0.755 0.701 0.754 0.755 0.702 0.697 0.217 0.220 0.220 0.227 0.163 0.141 0.164 0.218 0.140 0.146 0.926 0.929 0.933 0.929 0.930 0.928 0.933 0.933 0.936 0.933 1.000 1.000 1.000 1.000 1.000 1.000 1.000 1.000 1.000 1.000 0.257 0.293 0.400 0.320 0.349 0.329 0.348 0.324 0.323 0.266 0.986 0.986 0.986 0.986 0.986 0.986 0.987 0.986 0.987 0.986 0.898 0.886 0.892 0.898 0.894 0.894 0.892 0.897 0.890 0.886
40 0.716 0.710 0.719 0.708 0.721 0.715 0.715 0.726 0.712 0.716 0.892 0.892 0.891 0.930 0.891 0.892 0.892 0.899 0.891 0.892 0.914 0.915 0.916 0.912 0.914 0.914 0.916 0.915 0.915 0.914 0.717 0.717 0.717 0.749 0.709 0.710 0.671 0.721 0.715 0.722 0.000 0.053 0.076 0.054 0.039 0.062 0.054 0.066 0.085 0.061 0.902 0.903 0.913 0.912 0.901 0.903 0.912 0.909 0.913 0.913 0.810 0.807 0.814 0.814 0.816 0.805 0.809 0.810 0.781 0.818 1.000 1.000 1.000 1.000 1.000 1.000 1.000 1.000 1.000 1.000 0.888 0.898 0.909 0.883 0.883 0.886 0.882 0.884 0.882 0.883 0.970 0.971 0.971 0.971 0.970 0.969 0.971 0.969 0.972 0.971 0.686 0.692 0.687 0.695 0.693 0.693 0.693 0.695 0.690 0.718
41 0.744 0.744 0.744 0.742 0.745 0.743 0.745 0.745 0.746 0.745 0.877 0.877 0.877 0.916 0.873 0.877 0.877 0.884 0.883 0.877 0.907 0.908 0.908 0.905 0.906 0.905 0.907 0.907 0.907 0.906 0.752 0.749 0.752 0.783 0.748 0.748 0.676 0.752 0.748 0.753 0.053 0.000 0.052 0.026 0.025 0.052 0.014 0.027 0.060 0.047 0.901 0.902 0.901 0.901 0.897 0.902 0.902 0.902 0.908 0.902 0.741 0.749 0.747 0.747 0.749 0.746 0.752 0.753 0.722 0.753 1.000 1.000 1.000 1.000 1.000 1.000 1.000 1.000 1.000 1.000 0.886 0.892 0.901 0.881 0.871 0.885 0.874 0.876 0.881 0.881 0.970 0.970 0.970 0.970 0.969 0.968 0.971 0.969 0.971 0.970 0.679 0.662 0.660 0.673 0.655 0.664 0.656 0.690 0.653 0.660
42 0.692 0.685 0.686 0.685 0.688 0.691 0.692 0.693 0.688 0.692 0.885 0.884 0.883 0.923 0.880 0.885 0.884 0.891 0.884 0.885 0.913 0.914 0.915 0.911 0.914 0.913 0.915 0.914 0.914 0.913 0.688 0.699 0.689 0.731 0.692 0.692 0.680 0.693 0.698 0.694 0.076 0.052 0.000 0.052 0.037 0.043 0.048 0.059 0.037 0.014 0.908 0.909 0.908 0.907 0.904 0.909 0.908 0.909 0.906 0.909 0.764 0.773 0.772 0.771 0.774 0.771 0.776 0.777 0.746 0.776 1.000 1.000 1.000 1.000 1.000 1.000 1.000 1.000 1.000 1.000 0.884 0.898 0.908 0.879 0.878 0.885 0.881 0.883 0.878 0.879 0.970 0.971 0.971 0.970 0.970 0.969 0.971 0.969 0.971 0.970 0.715 0.688 0.695 0.716 0.690 0.690 0.691 0.724 0.689 0.687
43 0.738 0.737 0.737 0.736 0.738 0.737 0.738 0.739 0.739 0.738 0.879 0.878 0.878 0.917 0.875 0.878 0.878 0.885 0.884 0.878 0.908 0.909 0.909 0.906 0.907 0.906 0.908 0.908 0.908 0.907 0.746 0.743 0.746 0.776 0.741 0.741 0.684 0.745 0.742 0.746 0.054 0.026 0.052 0.000 0.023 0.052 0.035 0.048 0.060 0.049 0.902 0.903 0.902 0.902 0.898 0.903 0.903 0.903 0.909 0.903 0.749 0.757 0.756 0.755 0.757 0.755 0.760 0.761 0.731 0.761 1.000 1.000 1.000 1.000 1.000 1.000 1.000 1.000 1.000 1.000 0.888 0.893 0.902 0.883 0.873 0.886 0.875 0.877 0.882 0.883 0.970 0.971 0.971 0.971 0.970 0.969 0.971 0.969 0.972 0.970 0.690 0.673 0.671 0.684 0.667 0.675 0.667 0.700 0.664 0.671
44 0.752 0.728 0.728 0.727 0.733 0.736 0.738 0.738 0.748 0.747 0.875 0.874 0.874 0.917 0.871 0.875 0.878 0.881 0.881 0.875 0.908 0.909 0.909 0.906 0.907 0.906 0.908 0.908 0.908 0.907 0.737 0.742 0.737 0.772 0.732 0.732 0.684 0.741 0.741 0.755 0.039 0.025 0.037 0.023 0.000 0.029 0.014 0.033 0.049 0.045 0.902 0.903 0.902 0.902 0.898 0.903 0.903 0.903 0.909 0.903 0.749 0.757 0.755 0.755 0.757 0.755 0.760 0.761 0.758 0.760 1.000 1.000 1.000 1.000 1.000 1.000 1.000 1.000 1.000 1.000 0.883 0.889 0.898 0.879 0.869 0.882 0.871 0.874 0.878 0.879 0.970 0.971 0.971 0.971 0.970 0.969 0.971 0.969 0.972 0.970 0.690 0.673 0.671 0.684 0.666 0.674 0.667 0.700 0.664 0.671
45 0.682 0.675 0.676 0.674 0.681 0.684 0.686 0.687 0.681 0.682 0.873 0.873 0.873 0.916 0.869 0.873 0.877 0.880 0.879 0.873 0.913 0.914 0.914 0.911 0.912 0.911 0.914 0.913 0.913 0.912 0.691 0.698 0.692 0.726 0.687 0.687 0.689 0.696 0.696 0.701 0.062 0.052 0.043 0.052 0.029 0.000 0.029 0.048 0.055 0.028 0.906 0.908 0.907 0.907 0.903 0.908 0.908 0.908 0.914 0.907 0.775 0.783 0.766 0.765 0.767 0.781 0.786 0.787 0.784 0.770 1.000 1.000 1.000 1.000 1.000 1.000 1.000 1.000 1.000 1.000 0.888 0.888 0.903 0.883 0.873 0.887 0.876 0.878 0.883 0.883 0.970 0.970 0.970 0.970 0.969 0.968 0.971 0.969 0.971 0.970 0.698 0.681 0.678 0.708 0.673 0.682 0.674 0.708 0.671 0.710
46 0.742 0.736 0.736 0.735 0.742 0.744 0.746 0.747 0.741 0.742 0.874 0.874 0.874 0.917 0.870 0.874 0.878 0.881 0.880 0.874 0.908 0.909 0.908 0.905 0.907 0.906 0.908 0.908 0.907 0.906 0.745 0.750 0.745 0.781 0.740 0.740 0.681 0.750 0.749 0.754 0.054 0.014 0.048 0.035 0.014 0.029 0.000 0.022 0.060 0.034 0.901 0.903 0.902 0.902 0.897 0.903 0.903 0.903 0.909 0.902 0.745 0.753 0.752 0.751 0.754 0.751 0.756 0.757 0.755 0.757 1.000 1.000 1.000 1.000 1.000 1.000 1.000 1.000 1.000 1.000 0.883 0.889 0.898 0.878 0.868 0.882 0.871 0.873 0.878 0.878 0.970 0.971 0.971 0.970 0.970 0.969 0.971 0.969 0.971 0.970 0.685 0.669 0.666 0.679 0.662 0.670 0.662 0.696 0.660 0.667
47 0.746 0.740 0.740 0.738 0.747 0.745 0.747 0.748 0.742 0.747 0.879 0.878 0.878 0.917 0.874 0.879 0.878 0.885 0.884 0.878 0.908 0.909 0.909 0.906 0.907 0.906 0.909 0.908 0.908 0.907 0.748 0.752 0.748 0.785 0.744 0.744 0.684 0.755 0.750 0.755 0.066 0.027 0.059 0.048 0.033 0.048 0.022 0.000 0.081 0.053 0.902 0.903 0.902 0.902 0.898 0.903 0.903 0.903 0.909 0.903 0.748 0.757 0.755 0.754 0.757 0.754 0.759 0.761 0.758 0.760 1.000 1.000 1.000 1.000 1.000 1.000 1.000 1.000 1.000 1.000 0.888 0.893 0.902 0.883 0.873 0.886 0.875 0.877 0.882 0.883 0.970 0.971 0.971 0.971 0.970 0.969 0.971 0.969 0.972 0.970 0.689 0.673 0.671 0.684 0.666 0.661 0.666 0.700 0.663 0.671
48 0.689 0.688 0.689 0.687 0.694 0.692 0.692 0.694 0.695 0.690 0.876 0.875 0.875 0.918 0.872 0.876 0.879 0.882 0.880 0.876 0.908 0.909 0.910 0.906 0.908 0.907 0.910 0.909 0.909 0.908 0.698 0.700 0.698 0.729 0.695 0.695 0.697 0.697 0.698 0.702 0.085 0.060 0.037 0.060 0.049 0.055 0.060 0.081 0.000 0.027 0.908 0.909 0.908 0.907 0.904 0.909 0.908 0.909 0.914 0.909 0.767 0.775 0.774 0.773 0.776 0.773 0.778 0.779 0.777 0.778 1.000 1.000 1.000 1.000 1.000 1.000 1.000 1.000 1.000 1.000 0.883 0.889 0.899 0.879 0.870 0.882 0.872 0.875 0.878 0.879 0.970 0.971 0.971 0.970 0.970 0.969 0.971 0.969 0.972 0.970 0.688 0.692 0.688 0.703 0.683 0.693 0.683 0.698 0.681 0.690
49 0.687 0.676 0.677 0.676 0.688 0.686 0.688 0.688 0.687 0.692 0.874 0.874 0.873 0.916 0.870 0.874 0.878 0.881 0.880 0.874 0.908 0.909 0.908 0.905 0.906 0.905 0.908 0.907 0.907 0.906 0.687 0.694 0.688 0.723 0.692 0.683 0.668 0.702 0.693 0.697 0.061 0.047 0.014 0.049 0.045 0.028 0.034 0.053 0.027 0.000 0.901 0.902 0.902 0.902 0.897 0.903 0.903 0.902 0.909 0.902 0.747 0.755 0.753 0.752 0.755 0.752 0.757 0.758 0.756 0.758 1.000 1.000 1.000 1.000 1.000 1.000 1.000 1.000 1.000 1.000 0.883 0.889 0.898 0.878 0.868 0.882 0.871 0.873 0.877 0.878 0.970 0.971 0.971 0.970 0.970 0.969 0.971 0.969 0.972 0.970 0.687 0.670 0.668 0.681 0.664 0.672 0.664 0.697 0.661 0.668
50 0.262 0.275 0.341 0.281 0.337 0.275 0.264 0.281 0.277 0.266 0.333 0.326 0.336 0.403 0.337 0.328 0.418 0.336 0.348 0.326 0.163 0.166 0.163 0.176 0.170 0.162 0.155 0.238 0.154 0.285 0.224 0.209 0.151 0.235 0.200 0.159 0.656 0.221 0.135 0.217 0.902 0.901 0.908 0.902 0.902 0.906 0.901 0.902 0.908 0.901 0.000 0.031 0.038 0.043 0.040 0.018 0.044 0.031 0.104 0.027 0.883 0.882 0.882 0.890 0.891 0.882 0.890 0.883 0.882 0.894 1.000 1.000 0.993 1.000 1.000 1.000 1.000 0.993 1.000 1.000 0.293 0.324 0.366 0.303 0.224 0.233 0.218 0.210 0.307 0.292 1.000 1.000 1.000 1.000 1.000 1.000 1.000 1.000 1.000 1.000 0.843 0.829 0.836 0.834 0.837 0.836 0.836 0.845 0.829 0.835
51 0.267 0.287 0.345 0.288 0.344 0.279 0.272 0.286 0.282 0.274 0.326 0.319 0.328 0.395 0.330 0.322 0.407 0.326 0.338 0.319 0.162 0.165 0.162 0.173 0.170 0.165 0.153 0.234 0.157 0.282 0.220 0.209 0.154 0.178 0.201 0.162 0.661 0.221 0.136 0.220 0.903 0.902 0.909 0.903 0.903 0.908 0.903 0.903 0.909 0.902 0.031 0.000 0.043 0.045 0.046 0.024 0.039 0.036 0.108 0.042 0.879 0.878 0.878 0.886 0.892 0.884 0.886 0.879 0.878 0.890 1.000 1.000 0.993 1.000 1.000 1.000 1.000 0.993 1.000 1.000 0.293 0.314 0.364 0.293 0.228 0.227 0.220 0.204 0.299 0.283 1.000 1.000 1.000 1.000 1.000 1.000 1.000 1.000 1.000 1.000 0.845 0.832 0.832 0.837 0.840 0.846 0.839 0.841 0.832 0.831
52 0.273 0.290 0.353 0.293 0.350 0.262 0.278 0.273 0.266 0.280 0.343 0.338 0.345 0.414 0.351 0.340 0.426 0.345 0.334 0.338 0.175 0.171 0.172 0.178 0.159 0.168 0.162 0.242 0.165 0.297 0.229 0.214 0.158 0.177 0.207 0.147 0.653 0.223 0.141 0.220 0.913 0.901 0.908 0.902 0.902 0.907 0.902 0.902 0.908 0.902 0.038 0.043 0.000 0.024 0.052 0.028 0.027 0.021 0.113 0.036 0.883 0.886 0.882 0.894 0.897 0.888 0.890 0.886 0.886 0.894 1.000 1.000 0.993 1.000 1.000 1.000 1.000 0.993 1.000 1.000 0.297 0.329 0.348 0.305 0.234 0.238 0.209 0.215 0.306 0.297 1.000 1.000 1.000 1.000 1.000 1.000 1.000 1.000 1.000 1.000 0.853 0.827 0.843 0.835 0.848 0.854 0.835 0.849 0.828 0.827
53 0.276 0.298 0.353 0.297 0.354 0.266 0.281 0.275 0.270 0.282 0.352 0.344 0.355 0.421 0.357 0.348 0.430 0.352 0.341 0.345 0.187 0.178 0.184 0.188 0.169 0.176 0.172 0.251 0.175 0.308 0.230 0.216 0.160 0.251 0.209 0.149 0.644 0.224 0.146 0.227 0.912 0.901 0.907 0.902 0.902 0.907 0.902 0.902 0.907 0.902 0.043 0.045 0.024 0.000 0.060 0.037 0.019 0.029 0.116 0.050 0.883 0.886 0.882 0.894 0.897 0.889 0.890 0.883 0.886 0.894 1.000 1.000 0.993 1.000 1.000 1.000 1.000 0.993 1.000 1.000 0.308 0.333 0.365 0.312 0.240 0.249 0.218 0.220 0.322 0.305 1.000 1.000 1.000 1.000 1.000 1.000 1.000 1.000 1.000 1.000 0.851 0.827 0.841 0.839 0.846 0.858 0.837 0.847 0.826 0.826
54 0.271 0.291 0.284 0.290 0.282 0.282 0.275 0.288 0.285 0.276 0.336 0.329 0.332 0.404 0.335 0.330 0.415 0.336 0.345 0.327 0.169 0.158 0.163 0.179 0.172 0.168 0.158 0.241 0.161 0.287 0.229 0.218 0.163 0.244 0.210 0.167 0.656 0.161 0.144 0.163 0.901 0.897 0.904 0.898 0.898 0.903 0.897 0.898 0.904 0.897 0.040 0.046 0.052 0.060 0.000 0.031 0.057 0.045 0.117 0.036 0.868 0.876 0.872 0.884 0.887 0.878 0.880 0.873 0.876 0.884 1.000 1.000 0.993 1.000 1.000 1.000 1.000 0.993 1.000 1.000 0.295 0.318 0.366 0.297 0.230 0.223 0.230 0.208 0.301 0.290 1.000 1.000 1.000 1.000 1.000 1.000 1.000 1.000 1.000 1.000 0.839 0.825 0.829 0.833 0.829 0.835 0.828 0.835 0.821 0.824
55 0.250 0.268 0.260 0.270 0.258 0.262 0.252 0.268 0.265 0.254 0.321 0.314 0.323 0.389 0.327 0.316 0.401 0.321 0.335 0.314 0.151 0.151 0.147 0.172 0.169 0.158 0.143 0.222 0.145 0.279 0.207 0.193 0.135 0.218 0.187 0.144 0.663 0.141 0.120 0.141 0.903 0.902 0.909 0.903 0.903 0.908 0.903 0.903 0.909 0.903 0.018 0.024 0.028 0.037 0.031 0.000 0.037 0.022 0.089 0.010 0.882 0.885 0.882 0.893 0.890 0.881 0.889 0.896 0.885 0.893 1.000 1.000 0.993 1.000 1.000 1.000 1.000 0.993 1.000 1.000 0.279 0.309 0.349 0.285 0.217 0.214 0.216 0.192 0.290 0.276 1.000 1.000 1.000 1.000 1.000 1.000 1.000 1.000 1.000 1.000 0.843 0.829 0.840 0.837 0.838 0.836 0.837 0.845 0.830 0.835
56 0.271 0.290 0.285 0.291 0.283 0.263 0.277 0.270 0.266 0.280 0.347 0.340 0.348 0.415 0.351 0.341 0.425 0.348 0.331 0.339 0.178 0.172 0.174 0.186 0.164 0.178 0.170 0.248 0.170 0.302 0.228 0.218 0.162 0.246 0.214 0.148 0.646 0.161 0.147 0.164 0.912 0.902 0.908 0.903 0.903 0.908 0.903 0.903 0.908 0.903 0.044 0.039 0.027 0.019 0.057 0.037 0.000 0.026 0.116 0.053 0.884 0.887 0.884 0.895 0.898 0.890 0.892 0.885 0.888 0.895 1.000 1.000 0.993 1.000 1.000 1.000 1.000 0.993 1.000 1.000 0.299 0.328 0.352 0.301 0.238 0.235 0.214 0.218 0.306 0.297 1.000 1.000 1.000 1.000 1.000 1.000 1.000 1.000 1.000 1.000 0.852 0.829 0.843 0.854 0.847 0.851 0.851 0.848 0.840 0.835
57 0.260 0.275 0.336 0.279 0.333 0.250 0.261 0.256 0.252 0.263 0.330 0.323 0.332 0.398 0.335 0.324 0.413 0.332 0.320 0.322 0.164 0.164 0.160 0.186 0.154 0.167 0.155 0.235 0.153 0.290 0.220 0.207 0.149 0.231 0.198 0.135 0.644 0.217 0.132 0.218 0.909 0.902 0.909 0.903 0.903 0.908 0.903 0.903 0.909 0.902 0.031 0.036 0.021 0.029 0.045 0.022 0.026 0.000 0.102 0.026 0.885 0.884 0.884 0.892 0.893 0.884 0.892 0.885 0.885 0.896 1.000 1.000 0.993 1.000 1.000 1.000 1.000 0.993 1.000 1.000 0.292 0.322 0.337 0.296 0.227 0.227 0.202 0.205 0.301 0.287 1.000 1.000 1.000 1.000 1.000 1.000 1.000 1.000 1.000 1.000 0.845 0.838 0.845 0.842 0.847 0.846 0.846 0.847 0.846 0.837
58 0.325 0.347 0.279 0.344 0.276 0.342 0.332 0.350 0.339 0.337 0.412 0.404 0.409 0.340 0.419 0.402 0.334 0.408 0.418 0.403 0.244 0.241 0.241 0.264 0.262 0.248 0.233 0.164 0.236 0.291 0.138 0.182 0.244 0.228 0.179 0.255 0.865 0.134 0.238 0.140 0.913 0.908 0.906 0.909 0.909 0.914 0.909 0.909 0.914 0.909 0.104 0.108 0.113 0.116 0.117 0.089 0.116 0.102 0.000 0.092 0.891 0.894 0.891 0.902 0.905 0.896 0.899 0.891 0.894 0.902 1.000 1.000 0.993 1.000 1.000 1.000 1.000 0.993 1.000 1.000 0.206 0.249 0.360 0.282 0.303 0.286 0.305 0.275 0.267 0.212 1.000 1.000 1.000 1.000 1.000 1.000 1.000 1.000 1.000 1.000 0.853 0.836 0.844 0.851 0.848 0.849 0.848 0.849 0.841 0.836
59 0.258 0.275 0.269 0.277 0.267 0.272 0.259 0.275 0.273 0.261 0.321 0.315 0.325 0.389 0.329 0.316 0.402 0.323 0.335 0.313 0.157 0.155 0.152 0.175 0.171 0.157 0.147 0.226 0.149 0.286 0.211 0.198 0.136 0.222 0.190 0.148 0.666 0.144 0.124 0.146 0.913 0.902 0.909 0.903 0.903 0.907 0.902 0.903 0.909 0.902 0.027 0.042 0.036 0.050 0.036 0.010 0.053 0.026 0.092 0.000 0.890 0.893 0.890 0.894 0.891 0.889 0.898 0.890 0.893 0.891 1.000 1.000 1.000 1.000 1.000 1.000 1.000 1.000 1.000 1.000 0.280 0.310 0.351 0.287 0.219 0.218 0.218 0.190 0.301 0.278 1.000 1.000 1.000 1.000 1.000 1.000 1.000 1.000 1.000 1.000 0.854 0.829 0.851 0.841 0.849 0.852 0.840 0.856 0.829 0.834
